854.3971073285574 857.7811652114879 268.05984138822924 278.8025475047257
560.6254189555553 159.6634610534503 335.2638167170525 78.48529182261164
953.4443911142307 288.4401992643116 848.4689222396461 696.1825567424352
511.1552732230935 719.7216995997755 187.49730219289694 257.4559654192012
657.227546488123 344.814395836971 72.56167069038054 200.92936304065933
728.0046914017947 274.98971394268176 804.9505890766916 590.4006403293102
588.9084796708657 154.60304131763314 392.5406424505037 453.38182402306956
434.29797101476805 80.71894241296872 220.2915710009784 368.72364364743083
210.02972502042303 959.2998132974739 1005.8948771903915 67.6062626947811
556.1395778156746 476.8991075658918 175.88032612046743 775.9807876172646
116.64454942543955 518.8090040860918 390.6307700397999 729.1741399374847
748.5583016901664 450.6214959069446 625.0419548737895 226.38630385094214
517.7829084909731 136.19981239730816 640.9891363718307 96.82595677451044
958.0165933108018 711.423576855354 361.211912806245 159.32075199215865
630.6452756497899 694.8328989807009 174.1527323813713 111.51905278686546