519.9273622052315 143.79081804407312 391.80697553457765 100.59007784606088
204.24172748328004 855.9399808382393 167.6662730649806 392.1381705081526
753.963196354925 892.912222342645 893.6838195313094 857.8421426162538
84.85717366460753 520.0541423965772 604.1376471138993 86.55832884520142
270.9433352607595 655.3069054003106 963.0899644641665 784.5100216594541
98.13648259538331 788.495167971337 900.2224569899385 127.70339607680313
285.1946874816786 36.159046167326004 443.83695627806804 540.4907251641872
93.44304866357677 705.7829649705893 852.8420805553267 87.29264569667005
501.6486773709922 313.35377310987434 721.4248603704987 702.3334118460049
605.9332684733869 501.50523672037883 183.4989639489366 328.18511795118275
284.60433010047205 825.289825677256 556.4442497860967 966.024247913
316.521698442524 593.5157257927485 298.07597482133554 157.01107735678153
399.98475741304094 401.49218814683684 728.1856578532787 242.68971795204686
256.572558010835 444.1682560905058 224.89009274067382 634.575402250358
766.922264514865 745.5080929502267 847.1307718203589 940.8271784097442